1  2   	0.1313  0.0591	0.0598	0.1278	0.0581	0.1293  0.3856	0.190	0.1605	0.3969	0.1458	0.3920
2  3  	0.0713 	0.0150 	0.0148 	0.0708 	0.0145	0.0704	0.1119	0.0401	0.0475	0.1135	0.0364	0.1147
3  4   	0.19	0       0       0.19	0       0.19	1.04	0       0       1.04	0       1.04
2  5	0       0       0       0.1259	0.0196	0.1254 	0       0       0       0.1276	0.0435	0.1285
5  6	0       0       0       0.0755	0.0117	0.0752 	0       0       0   	0.0765	0.0261	0.0771  
2  7	0.1313  0.0591	0.0598	0.1278	0.0581	0.1293  0.3856	0.190	0.1605	0.3969	0.1458	0.3920
7  8	0.00001 0	    0	    0.00001 0	    0.00001	0	    0	    0	    0	    0	    0
8  9 	0.0756 	0.0302 	0.0270	0.0747	0.0302	0.0756 	0.0423 	0.0031	0.0014	0.0383	0.0031  0.0423
7  10  	0.0752	0       0.0752	0       0       0.0755	0.0771  0       0.0261  0       0       0.0765
10 11	0       0       0       0       0       0.0755	0   	0   	0   	0   	0       0.0766
10 12	0.2034	0       0       0       0       0       0.0776	0   	0       0       0   	0
7  13 	0.1313  0.0591	0.0598	0.1278	0.0581	0.1293  0.3856	0.190	0.1605	0.3969	0.1458	0.3920











