    1.0000   0		0       0       0       0       0       0   0   0       0   0   0
    2.0000   17.0   10.0 	66.0    38.0	117.0   68.0    0   0   0       0   0   0   
    3.0000   0		0       0       0       0       0       0   0   0       0   0   0
    4.0000   160.0   110.0  120.0   90.0    120.0   90.0    0   0   0      0   0   0
    5.0000   0.0  	0.0     170.0  	125.0    0       0      0   0   0       0   0   0
    6.0000   0		0       115.0  	66.0    115.0   66.0    0   0   0       0   0   0   
    7        385    220     385     220     385     220     0   0   0       200 200 200 
    8        0       0      85      75      85      75      0   0   0       0   0   0  
    9        485    190     68      60      290     212     0   0   0     0   0   0
    10       0      0       0       0       0       0       0   0   0       0   0   0
    11       0      0       0       0       170     80      0   0   0     0   0   0
    12       128    86      0       0       0       0       0   0   0       0   0   0  
    13       0      0       0       0       0       0       0   0   0       0   0   0  
    


 
 
   